   2.9843994e-02
   1.3860580e+00
  -8.8941971e-01
   1.6727663e+00
  -7.4873077e-01
   7.0568351e-01
  -3.6099631e-02
  -1.0769628e+00
   2.3963832e+00
   2.4144407e-02
   8.1200736e-01
  -2.3826781e-01
   7.8874709e-01
  -1.1048184e+00
  -7.8500875e-01
  -4.4743193e-02
   2.1005576e+00
   3.4689689e+00
   3.1567302e-01
   3.6084882e-01
   1.9965140e-02
   9.1622709e-01
   1.3382490e+00
   6.0989367e-01
  -3.5063689e+00
   2.3715446e+00
  -8.1190376e-01
   1.3707807e+00
   5.9968939e+00
   1.3872993e+00
  -7.4977480e-01
   8.9181278e-02
  -2.4776239e+00
   3.4530424e+00
   3.7422931e+00
   1.4049008e+00
   3.8431423e-01
  -1.7357281e+00
   8.1453657e-01
  -1.9277955e+00
   5.8469176e-01
   2.3221443e+00
   5.5642237e+00
  -3.1103092e-01
  -2.2070877e-01
   2.6013421e-01
  -6.5526976e-03
  -1.9525797e+00
  -3.3392008e-01
   9.9322254e-01
  -5.9085558e-01
   1.2906242e+00
  -1.1822927e+00
  -3.3671678e+00
   7.1831714e-01
   9.0596842e-01
  -1.2854653e+00
   5.7838449e-01
  -1.8344032e+00
   1.5821985e+00
   1.0437960e+00
   1.4910298e+00
   1.4217143e+00
   3.7484770e-01
   7.3857605e-01
   8.4397363e-02
  -8.9950044e-01
   3.4143633e-01
  -4.6900787e-01
  -4.9987062e-01
   1.2759703e+00
  -3.1702455e+00
   5.2849735e-01
  -3.1711779e+00
  -1.4113840e+00
  -1.5755823e+00
  -9.6173890e-01
   2.0279118e-01
  -2.8627970e-01
   1.4140547e+00
   3.9139710e-01
   4.0159925e+00
   2.0545304e+00
   2.6743314e+00
   1.7904123e+00
   1.3837811e+00
   2.0973442e+00
   1.5155053e+00
  -1.5358676e+00
  -1.2788829e-01
  -9.5279778e-01
   2.5183974e+00
   2.2779115e+00
   2.4210122e+00
   7.7238962e-01
   9.8117538e-01
  -5.4998635e+00
  -7.7502421e-01
   1.4468659e+00
  -4.9135623e-01
   1.9779139e+00
  -7.5654353e-01
  -6.0695213e-01
  -2.8435284e+00
   9.3673169e-01
   1.0521466e-01
  -4.0483197e-01
   1.3247005e+00
  -2.1235219e+00
  -1.5147377e+00
  -7.8456363e-01
   3.0046354e+00
   3.6004343e+00
   8.0939159e-01
   1.2097598e+00
  -2.2929244e-01
   1.0697734e+00
  -1.7778882e-01
   1.3300552e+00
   6.0503375e-01
  -4.3457219e-01
   8.5332128e-01
  -2.7180846e+00
   5.3774635e-01
   3.4003204e+00
   1.9990106e+00
   7.4091355e-01
  -1.9133264e+00
   5.8135525e-01
   1.1467887e+00
   1.0765908e+00
  -1.9234543e-03
   1.9469538e-01
  -6.1609369e-01
   1.2281942e+00
  -3.2429189e+00
   2.6350978e+00
  -2.5673009e+00
   1.7024688e+00
  -3.6087868e-01
   7.5739533e-01
   3.2771259e-01
  -3.9208216e+00
   1.4692150e-01
  -8.3309609e-01
   9.5218405e-01
  -5.3788038e-01
  -1.1455757e+00
  -1.6659161e+00
   2.6275228e+00
   3.4058508e-01
   3.5872303e-01
  -1.0395402e-01
  -1.5123384e-02
  -9.1766955e-01
   3.9773022e-01
  -7.0481715e-01
   5.8933685e-01
  -1.2070818e+00
  -2.3766048e+00
   2.5244673e+00
   1.5434921e-01
   5.7516226e-01
  -3.3312267e+00
   7.0799162e-02
  -1.4174033e+00
  -6.2760080e-01
  -1.6721453e+00
   1.6183966e+00
   1.3143205e+00
  -1.1284939e+00
   1.3021874e+00
  -2.6510609e+00
   5.8115650e-01
   2.2941263e-01
  -1.3450263e+00
  -1.3061189e+00
  -1.0232643e+00
   1.1898066e-01
   2.5526823e+00
  -4.7022683e-01
   7.7240738e-01
  -5.6625479e-01
   1.3612669e+00
   1.5810272e-01
   5.0095574e-01
  -3.6324969e-01
   2.0183428e+00
   5.2480004e-01
  -4.2164731e-01
  -4.0169003e-01
   6.0604114e-01
   1.5379969e+00
   2.9195775e-01
   3.6969182e+00
   5.1220640e-02
   1.6756010e+00
  -4.0421339e-02
  -3.5327593e-01
  -6.8540581e-01
   2.1413684e-01
   1.8363614e-01
   3.5727358e+00
   2.6736718e+00
   8.2198215e-01
   6.9019663e-01
   3.0783421e+00
  -7.3553743e-01
   6.3397150e-02
  -7.3603932e-01
  -8.0909509e-01
   1.6697684e+00
   4.5426393e-01
  -2.6180286e+00
  -8.0582541e-01
   6.0850628e-01
  -1.1510710e+00
  -7.5737394e-01
  -1.3855041e-01
   2.2004319e-01
  -7.3334550e-01
  -1.8659169e+00
   3.8963484e-01
  -4.1530390e+00
   4.5578564e-01
  -3.3816296e-01
  -4.8047907e-01
  -3.2970528e+00
   1.5215078e-01
   1.2611058e-01
  -9.4514674e-02
  -1.2632719e+00
   1.6350518e+00
   8.5915222e-01
  -6.2519343e-01
   3.3808291e+00
   1.9801280e-01
   2.5645821e-01
   2.9820040e-01
   1.4327594e+00
   1.4249563e-01
   9.6307570e-01
   1.9457895e-01
   3.0752259e-01
  -1.9087030e+00
  -3.2770254e+00
   1.4953826e-01
   1.8531148e-01
   2.5584810e+00
  -4.3996227e-01
  -1.5183622e+00
  -1.3484708e+00
  -2.3281838e-01
   2.5951543e-01
   1.1418446e+00
   2.9124192e+00
  -2.2463751e+00
   2.3377933e-01
   1.4953003e+00
   1.2560863e+00
  -2.0140175e-01
  -2.3324030e+00
   1.0172420e+00
   1.2367987e-01
  -4.8560120e-01
   1.3710085e-01
  -3.1417193e-02
  -1.3092464e-01
   1.4476058e+00
   1.1599715e+00
  -7.0588962e-01
  -1.3396542e-01
   4.1542228e-01
   1.5574681e+00
   8.3827604e-01
   6.0851942e-01
  -5.2223486e-01
  -1.1041179e+00
  -1.1769475e+00
   3.4674771e+00
   4.3374695e-01
   1.0638474e+00
   5.1527081e-01
   1.4753058e+00
  -5.8135850e-01
  -2.0747123e+00
   1.2533141e-01
  -6.2767922e-01
  -1.1853037e+00
  -1.1229122e+00
  -1.0465872e+00
   3.4324210e-01
  -1.5040564e+00
  -7.3470404e-01
   1.2487948e+00
  -6.5769865e-01
   1.1192554e-01
   9.0900899e+00
  -3.3837158e+00
   2.0556823e-01
  -1.5816204e+00
  -1.2561474e-01
   6.5139637e-01
   1.0688427e+00
   8.1631423e-01
  -2.8701005e-01
  -1.1438968e+00
   1.1266190e+00
   1.5216464e-01
   1.9602958e-01
   4.5767518e-01
  -2.7562232e+00
  -2.5292012e+00
   4.5494951e-01
  -2.9070688e-01
  -8.6453074e-02
  -2.5622375e+00
   5.1443462e-01
  -5.0390592e-01
  -4.9098381e+00
  -3.6799997e-01
  -1.4156051e-01
   2.6326842e+00
  -7.0851923e-01
   2.1699420e+00
   1.4448264e+00
  -1.3086323e+00
  -5.1591729e-01
  -3.7868924e-02
  -2.8645172e-02
   3.9585829e-01
   9.8380447e-01
  -2.4882088e-01
   1.2912402e+00
   8.0747798e-01
   5.7835146e-01
   7.4454165e-01
  -2.6144414e+00
  -1.9802798e-01
  -1.6827954e+00
  -6.2250122e-02
   1.3089643e+00
  -3.2885350e+00
  -1.6002855e+00
   7.5134396e-01
   1.7546749e+00
  -8.9195088e-02
   1.3331110e+00
   1.5660780e+00
  -1.1664560e+00
   5.9650267e-01
  -9.7417485e-01
   5.4373879e-01
  -1.7019337e+00
   1.6131747e-01
   1.1236789e+00
   1.7384212e+00
   1.3488409e+00
  -2.3793153e+00
  -1.4242912e+00
   7.2679334e-01
   2.5092487e+00
  -1.8220418e-01
